SIZES
  nstack                1703936
  nbuffer               185024
  nplugin               0
  maxuse_stack          303
  maxuse_arena          11612
  maxuse_con            5
  maxuse_efc            21
  solver_iter           1
  solver_nnz            49
  nbodypair_broad       8
  nbodypair_narrow      2
  ngeompair_mid         8
  ngeompair_narrow      2
  ne                    0
  nf                    0
  nefc                  9
  nnzJ                  63
  ncon                  2

TIMER
    0:  duration =  1.4        number = 8
    1:  duration =  1.3        number = 8
    2:  duration =  0          number = 0
    3:  duration =  1.1        number = 8
    4:  duration =  0.038      number = 8
    5:  duration =  0          number = 0
    6:  duration =  0.019      number = 8
    7:  duration =  0.076      number = 8
    8:  duration =  0.066      number = 8
    9:  duration =  0.029      number = 8
    10:  duration =  0.89       number = 8
    11:  duration =  0.06       number = 8
    12:  duration =  0.015      number = 8

SOLVER STAT
  solver_iter = 1
  solver_nnz = 49
    0:  improvement =  0.034     gradient =  3e-15     lineslope =  0       
        nactive = 9   nchange = 0   neval = 2   nupdate = 0
solver_fwdinv =   0         0       

ENERGY =   0         0       

TIME =  26      

QPOS
   49      
  -0.19    
  -22      
   2.6     
   5.9     
   0.18    
   1.2e+02 

QVEL
   0.52    
  -1.2     
   0.021   
  -0.0012  
   7       
  -1.6     
   0.97    

QACC_WARMSTART
  -44      
  -33      
   49      
  -0.14    
   63      
   9       
  -51      

QFRC_APPLIED
   0       
   0       
   0       
   0       
   0       
   0       
   0       

XFRC_APPLIED
   0         0         0         0         0         0       
   0         0         0         0         0         0       
   0         0         0         0         0         0       
   0         0         0         0         0         0       
   0         0         0         0         0         0       
   0         0         0         0         0         0       
   0         0         0         0         0         0       
   0         0         0         0         0         0       

QACC
  -44      
  -33      
   49      
  -0.14    
   63      
   9       
  -51      

XPOS
   0         0         0       
   0         0         0.26    
   0.0054    0.00027   0.38    
   0.014    -0.038     0.59    
   0.01     -0.08      0.8     
   0.057    -0.15      0.61    
   0.084    -0.18      0.51    
   0.11     -0.19      0.41    

XQUAT
   1         0         0         0       
  -2.5e-06   0.69      0.72      2.7e-06 
  -0.53      0.44      0.56     -0.46    
  -0.078     0.86     -0.51     -0.051   
  -0.49     -0.22     -0.64     -0.54    
   0.67     -0.2       0.026     0.72    
   0.57      0.38      0.49      0.54    
   0.91     -0.11     -0.086     0.4     

XMAT
   1         0         0         0         1         0         0         0         1       
  -0.051     1        -2.8e-18   1         0.051     7.3e-06   7.3e-06   3.8e-07  -1       
  -0.05     -0.0095   -1         0.98      0.19     -0.051     0.19     -0.98      3.3e-06 
   0.48     -0.87     -0.0095   -0.86     -0.48      0.19     -0.17     -0.082    -0.98    
  -0.41     -0.25      0.87      0.82      0.31      0.48     -0.39      0.92      0.082   
  -0.026    -0.97     -0.25      0.95     -0.11      0.31     -0.32     -0.23      0.92    
  -0.072    -0.24      0.97      0.99      0.13      0.11     -0.15      0.96      0.23    
   0.66     -0.71     -0.24      0.75      0.65      0.13      0.068    -0.27      0.96    

XIPOS
   0         0         0       
  -0.01     -0.00055   0.33    
   0.02     -0.018     0.48    
   0.021    -0.057     0.71    
   0.016    -0.11      0.73    
   0.083    -0.17      0.55    
   0.086    -0.19      0.46    
   0.11     -0.19      0.38    

XIMAT
   1         0         0         0         1         0         0         0         1       
   0.99      0.055    -0.13      0.055    -1        -0.0071   -0.13      6.5e-05  -0.99    
  -1         0.052     0.077    -0.065    -0.98     -0.18      0.066    -0.19      0.98    
  -0.87     -0.48      0.043    -0.46      0.86      0.21     -0.14      0.17     -0.98    
   0.89      0.41      0.2       0.46     -0.82     -0.34      0.022     0.39     -0.92    
  -1         0.026    -0.056    -0.042    -0.95      0.32     -0.044     0.32      0.95    
   1         0.072     0.035     0.076    -0.99     -0.15      0.024     0.15     -0.99    
   0.058    -0.65      0.76     -0.11     -0.76     -0.64      0.99     -0.047    -0.12    

XANCHOR
   0         0         0.26    
   0.0054    0.00027   0.38    
   0.014    -0.038     0.59    
   0.01     -0.08      0.8     
   0.057    -0.15      0.61    
   0.084    -0.18      0.51    
   0.11     -0.19      0.41    

XAXIS
  -2.8e-18   7.3e-06  -1       
  -1        -0.051     3.3e-06 
  -0.0095    0.19     -0.98    
   0.87      0.48      0.082   
  -0.25      0.31      0.92    
   0.97      0.11      0.23    
  -0.24      0.13      0.96    

GEOM_XPOS
   0         0         0       
  -0.0021   -0.00077   0.19    
  -0.0097   -0.0005    0.34    
   0.024    -0.017     0.48    
   0.024    -0.058     0.72    
   0.013    -0.11      0.72    
   0.088    -0.17      0.54    
   0.083    -0.19      0.46    
   0.13     -0.21      0.38    

GEOM_XMAT
   1         0         0         0         1         0         0         0         1       
   0.00058  -1         0.035     1        -0.00031  -0.025     0.025     0.035     1       
   0.99      0.051     0.12      0.051    -1         0.0061    0.12      7.9e-05  -0.99    
  -0.99      0.051    -0.1      -0.031    -0.98     -0.19     -0.11     -0.19      0.98    
  -0.87     -0.48     -0.068    -0.49      0.86      0.15     -0.016     0.17     -0.99    
   0.84      0.41      0.35      0.51     -0.82     -0.25      0.18      0.39     -0.9     
  -0.88      0.025    -0.47     -0.17     -0.95      0.28     -0.43      0.32      0.84    
   0.86      0.072     0.51      0.14     -0.99     -0.093     0.5       0.15     -0.85    
  -0.024    -0.66      0.75     -0.07     -0.75     -0.66      1        -0.069    -0.028   

SUBTREE_COM
   0.033    -0.081     0.52    
   0.033    -0.081     0.52    
   0.045    -0.1       0.57    
   0.053    -0.13      0.6     
   0.066    -0.16      0.56    
   0.091    -0.18      0.47    
   0.096    -0.19      0.43    
   0.11     -0.19      0.38    

CDOF
  -2.8e-18   7.3e-06  -1        -0.081    -0.033    -2.4e-07 
  -1        -0.051     3.3e-06  -0.007     0.14      0.082   
  -0.0095    0.19     -0.98     -0.055    -0.02     -0.0032  
   0.87      0.48      0.082    -0.13      0.24     -0.011   
  -0.25      0.31      0.92     -0.087    -0.043    -0.0095  
   0.97      0.11      0.23     -0.022    -0.025     0.1     
  -0.24      0.13      0.96     -0.094    -0.045    -0.018   

CINERT
   0         0         0         0         0         0         0         0         0         0       
   0.065     0.058     0.013     0.0048   -0.012     0.021    -0.06      0.11     -0.27      1.4     
   0.018     0.013     0.0063    0.0012   -0.0014    0.0047   -0.016     0.074    -0.046     1.2     
   0.052     0.051     0.0023    0.00035   0.0032   -0.0031   -0.015     0.028     0.22      1.2     
   0.048     0.047     0.0029    0.0001    0.0046    0.0034   -0.016    -0.028     0.19      0.93    
   0.0071    0.0036    0.0071    0.0029   -0.00084   0.0012    0.033    -0.058     0.019     0.68    
   0.012     0.0059    0.0099    0.0038    0.0022   -0.0045    0.036    -0.072    -0.04      0.68    
   0.017     0.014     0.0095    0.0043    0.0056   -0.008     0.038    -0.055    -0.074     0.5     

CRB
   0         0         0         0         0         0         0         0         0         0       
   0.22      0.19      0.051     0.017     0.0013    0.015    -1.4e-17   2.4e-16  -3.3e-16   6.5     
   0.15      0.13      0.038     0.013     0.013    -0.0063    0.06     -0.11      0.27      5.1     
   0.14      0.12      0.032     0.011     0.015    -0.011     0.076    -0.18      0.31      4       
   0.084     0.07      0.029     0.011     0.012    -0.008     0.091    -0.21      0.095     2.8     
   0.036     0.024     0.026     0.011     0.0069   -0.011     0.11     -0.18     -0.095     1.9     
   0.029     0.02      0.019     0.008     0.0078   -0.013     0.073    -0.13     -0.11      1.2     
   0.017     0.014     0.0095    0.0043    0.0056   -0.008     0.038    -0.055    -0.074     0.5     

QM
   0.1      -0.023     0.077     0.0016    0.0036   -0.0087    0.00057 
  -0.023     0.38     -0.014     0.0027    0.00058  -0.0024    1.7e-05 
   0.077    -0.014     0.069     0.0078    0.0036   -0.0073    0.00053 
   0.0016    0.0027    0.0078    0.26      0.0013    0.04     -0.00077 
   0.0036    0.00058   0.0036    0.0013    0.0022   -0.00099   0.00076 
  -0.0087   -0.0024   -0.0073    0.04     -0.00099   0.013    -0.00043 
   0.00057   1.7e-05   0.00053  -0.00077   0.00076  -0.00043   0.00067 

QLD
   0.013    -0.016     1.1       0.17      2        -0.67      0.85    
  -0.016     0.37     -0.33      0.073     0.35     -0.19      0.025   
   1.1      -0.33      0.055     0.18      2        -0.55      0.79    
   0.17      0.073     0.18      0.12      2.8       3.1      -1.1     
   2         0.35      2         2.8       0.0013   -0.041     1.1     
  -0.67     -0.19     -0.55      3.1      -0.041     0.013    -0.64    
   0.85      0.025     0.79     -1.1       1.1      -0.64      0.00067 

QLDIAGINV
   76      
   2.7     
   18      
   8.2     
   7.6e+02 
   80      
   1.5e+03 

QLDIAGSQRTINV
   8.7     
   1.6     
   4.3     
   2.9     
   28      
   8.9     
   39      

D_rownnz              7 7 7 7 7 7 7

D_rowadr              0 7 14 21 28 35 42

D_colind              0 1 2 3 4 5 6 0 1 2 3 4 5 6 0 1 2 3 4 5 6 0 1 2 3 4 5 6 0 1 2 3 4 5 6 0 1 2 3 4 5 6 0 1 2 3 4 5 6

B_rownnz              7 7 7 7 7 7 7 7

B_rowadr              0 7 14 21 28 35 42 49

B_colind              0 1 2 3 4 5 6 0 1 2 3 4 5 6 0 1 2 3 4 5 6 0 1 2 3 4 5 6 0 1 2 3 4 5 6 0 1 2 3 4 5 6 0 1 2 3 4 5 6 0 1 2 3 4 5 6

QDERIV
   0         0         0         0         0         0         0       
   0         0         0         0         0         0         0       
   0         0         0         0         0         0         0       
   0         0         0         0         0         0         0       
   0         0         0         0         0         0         0       
   0         0         0         0         0         0         0       
   0         0         0         0         0         0         0       

QLU
   0         0         0         0         0         0         0       
   0         0         0         0         0         0         0       
   0         0         0         0         0         0         0       
   0         0         0         0         0         0         0       
   0         0         0         0         0         0         0       
   0         0         0         0         0         0         0       
   0         0         0         0         0         0         0       

CONTACT
  0:
     dim           3
     geom          2 2
     exclude       0
     efc_address   1
     solref         0.02      1       
     solimp         0.9       0.95      0.001     0.5       2       
     dist          -0.15    
     includemargin  0       
     pos           -0.0014    0.0023    0.34    
     frame         -0.65     -0.00086   0.76     -0.00056   1         0.00066  -0.76      0        -0.65    
     friction       1         1         0.005     0.0001    0.0001  
     mu             1       
  1:
     dim           3
     geom          2 3
     exclude       0
     efc_address   5
     solref         0.02      1       
     solimp         0.9       0.95      0.001     0.5       2       
     dist          -0.029   
     includemargin  0       
     pos            0.013    -0.0011    0.39    
     frame          0.97     -0.17      0.18      0.17      0.99      0.031    -0.18     -3.5e-18   0.98    
     friction       1         1         0.005     0.0001    0.0001  
     mu             1       

EFC_TYPE
  3
  6
  6
  6
  6
  6
  6
  6
  6

EFC_ID
  3
  0
  0
  0
  0
  1
  1
  1
  1

EFC_J
   0         0         0        -1         0         0         0       
   0         0         0         0         0         0         0       
   0         0         0         0         0         0         0       
   0         0         0         0         0         0         0       
   0         0         0         0         0         0         0       
   0         0.0023    0         0         0         0         0       
   0        -0.0028    0         0         0         0         0       
   0         0.0015    0         0         0         0         0       
   0        -0.002     0         0         0         0         0       

EFC_POS
  -0.0017  
  -0.15    
  -0.15    
  -0.15    
  -0.15    
  -0.029   
  -0.029   
  -0.029   
  -0.029   

EFC_MARGIN
   0       
   0       
   0       
   0       
   0       
   0       
   0       
   0       
   0       

EFC_FRICTIONLOSS
   0       
   0       
   0       
   0       
   0       
   0       
   0       
   0       
   0       

EFC_DIAGAPPROX
   34      
   0.1     
   0.1     
   0.1     
   0.1     
   0.2     
   0.2     
   0.2     
   0.2     

EFC_KBIP
   2.8e+03   1.1e+02   0.95      0       
   2.8e+03   1.1e+02   0.95      0       
   2.8e+03   1.1e+02   0.95      0       
   2.8e+03   1.1e+02   0.95      0       
   2.8e+03   1.1e+02   0.95      0       
   2.8e+03   1.1e+02   0.95      0       
   2.8e+03   1.1e+02   0.95      0       
   2.8e+03   1.1e+02   0.95      0       
   2.8e+03   1.1e+02   0.95      0       

EFC_D
   0.55    
   1.9e+02 
   1.9e+02 
   1.9e+02 
   1.9e+02 
   95      
   95      
   95      
   95      

EFC_R
   1.8     
   0.0052  
   0.0052  
   0.0052  
   0.0052  
   0.011   
   0.011   
   0.011   
   0.011   

CVEL
   0         0         0         0         0         0       
  -1.7e-18   4.4e-06  -0.6      -0.049    -0.02     -1.5e-07 
   1.2       0.06     -0.6      -0.041    -0.18     -0.097   
   1.2       0.046    -0.53     -0.036    -0.18     -0.097   
   1.2       0.045    -0.53     -0.036    -0.18     -0.097   
  -0.58      2.2       5.8      -0.64     -0.48     -0.16    
  -2.1       2         5.5      -0.6      -0.44     -0.32    
  -2.4       2.1       6.5      -0.7      -0.49     -0.34    

CDOF_DOT
  -0         0         0         0         0         0       
  -0.031     0.6       4.4e-06   0.083     0.0042   -0.018   
   0.053     1.2       0.22      0.18     -0.0022   -0.029   
   0.26     -0.56      0.52      0.16      0.0011    0.43    
   0.2      -0.94      0.37     -0.16      0.11     -0.1     
  -0.11      5.8      -2.2       0.27     -0.076     0.46    
   1.2       0.68      0.22     -0.17      0.11      0.098   

QFRC_BIAS
  -0.26    
   5.4     
  -0.59    
  -3       
  -0.089   
  -0.18    
  -0.0099  

QFRC_PASSIVE
   0       
   0       
   0       
   0       
   0       
   0       
   0       

EFC_VEL
   0.00094 
   0       
   0       
   0       
   0       
  -0.0027  
   0.0033  
  -0.0018  
   0.0023  

EFC_AREF
   4.4     
   3.8e+02 
   3.8e+02 
   3.8e+02 
   3.8e+02 
   76      
   75      
   76      
   75      

SUBTREE_LINVEL
   0         0         0       
   0         0         0       
   0         0         0       
   0         0         0       
   0         0         0       
   0         0         0       
   0         0         0       
   0         0         0       

SUBTREE_ANGMOM
   0         0         0       
   0         0         0       
   0         0         0       
   0         0         0       
   0         0         0       
   0         0         0       
   0         0         0       
   0         0         0       

QFRC_ACTUATOR
   0       
   0       
   0       
   0       
   0       
   0       
   0       

QFRC_SMOOTH
   0.26    
  -5.4     
   0.59    
   3       
   0.089   
   0.18    
   0.0099  

QACC_SMOOTH
  -29      
  -15      
   30      
   19      
   13      
  -50      
  -8.1     

EFC_B
  -23      
  -3.8e+02 
  -3.8e+02 
  -3.8e+02 
  -3.8e+02 
  -76      
  -75      
  -76      
  -75      

EFC_FORCE
   2.4     
   7.3e+04 
   7.3e+04 
   7.3e+04 
   7.3e+04 
   7.2e+03 
   7.1e+03 
   7.2e+03 
   7.1e+03 

EFC_STATE
  1
  1
  1
  1
  1
  1
  1
  1
  1

QFRC_CONSTRAINT
   0       
  -6.8     
   0       
  -2.4     
   0       
   0       
   0       

QFRC_INVERSE
   0       
   0       
   0       
   0       
   0       
   0       
   0       

CACC
   0         0         0         0         0         0       
   0         0         0         0         0         0       
   0         0         0         0         0         0       
   0         0         0         0         0         0       
   0         0         0         0         0         0       
   0         0         0         0         0         0       
   0         0         0         0         0         0       
   0         0         0         0         0         0       

CFRC_INT
   0         0         0         0         0         0       
   0         0         0         0         0         0       
   0         0         0         0         0         0       
   0         0         0         0         0         0       
   0         0         0         0         0         0       
   0         0         0         0         0         0       
   0         0         0         0         0         0       
   0         0         0         0         0         0       

CFRC_EXT
   0         0         0         0         0         0       
   0         0         0         0         0         0       
   0         0         0         0         0         0       
   0         0         0         0         0         0       
   0         0         0         0         0         0       
   0         0         0         0         0         0       
   0         0         0         0         0         0       
   0         0         0         0         0         0       

